1	1	175
-13	2	7	2	-13
2	17	22	17	2
7	22	27	22	7
2	17	22	17	2
-13	2	7	2	-13

2	1	420
31	-44	0	44	-31
-5	-62	0	62	5
-17	-68	0	68	17
-5	-62	0	62	5
31	-44	0	44	-31

3	1	420
-31	5	17	5	-31
44	62	68	62	44
0	0	0	0	0
-44	-62	-68	-62	-44
31	-5	-17	-5	31

4	1	70
2	-1	-2	-1	2
2	-1	-2	-1	2
2	-1	-2	-1	2
2	-1	-2	-1	2
2	-1	-2	-1	2

5	1	100
4	2	0	-2	-4
2	1	0	-1	-2
0	0	0	0	0
-2	-1	0	1	2
-4	-2	0	2	4

6	1	420
2	2	2	2	2
-1	-1	-1	-2	-1
-2	-2	-2	-1	-2
-1	-1	-1	-1	-1
2	2	2	2	2


7	1	60
-1	2	0	-2	1
-1	2	0	-2	1
-1	2	0	-2	1
-1	2	0	-2	1
-1	2	0	-2	1

8	1	140
4	-2	-4	-2	4
2	-1	-2	-1	2
0	0	0	0	0
-2	1	2	1	-2
-4	2	4	2	-4

9	1	140
-4	-2	0	2	4
2	1	0	-1	-2
4	2	0	-2	-4
2	1	0	-1	-2
-4	-2	0	2	4

10	1	60
1	1	1	1	1
-2	-2	-2	-2	-2
0	0	0	0	0
2	2	2	2	2
-1	-1	-1	-1	-1
